#MUT	SAMPLE_T	SAMPLE_N	CHR	POS	QUAL	T_DEPTH	T_FREQ	N_DEPTH	N_FREQ	Ref	Alt	Func.refGene	Gene.refGene	GeneDetail.refGene	ExonicFunc.refGene	AAChange.refGene	dbSNP_147	gnomAD_exome_ALL	gnomAD_genome_ALL	Kaviar_AF	cosmic80	CADD13_PHRED	FATHMM_noncoding	FATHMM_coding
chr15:99500064:C:T	SeraCare-1to1-Positive	HapMap-B17-1267	chr15	99500064	58	39	0.538	25	0.000	C	T	intronic	IGF1R	.	.	.	rs12440962	.	0.2006	0.195213	.	.	0.15290	0.04835
chr15:99500074:G:A	SeraCare-1to1-Positive	HapMap-B17-1267	chr15	99500074	63	43	0.535	27	0.000	G	A	intronic	IGF1R	.	.	.	rs3743253	.	0.1754	0.170816	.	.	0.15056	0.07378
